\begin{tabular}{lrrrrrrrrr}
\toprule
{} &  yields &  volImage &  criMax &  latArea &  hImage &  hMed &  tviMin &  ndviMax &  cgreenviMax \\
\midrule
yields      &    1.00 &      0.71 &    0.63 &     0.69 &    0.50 &  0.58 &   -0.39 &     0.55 &         0.60 \\
volImage    &    0.71 &      1.00 &    0.62 &     0.99 &    0.69 &  0.69 &   -0.46 &     0.60 &         0.60 \\
criMax      &    0.63 &      0.62 &    1.00 &     0.61 &    0.40 &  0.47 &   -0.65 &     0.63 &         0.91 \\
latArea     &    0.69 &      0.99 &    0.61 &     1.00 &    0.74 &  0.72 &   -0.45 &     0.58 &         0.60 \\
hImage      &    0.50 &      0.69 &    0.40 &     0.74 &    1.00 &  0.69 &   -0.39 &     0.27 &         0.36 \\
hMed        &    0.58 &      0.69 &    0.47 &     0.72 &    0.69 &  1.00 &   -0.35 &     0.44 &         0.50 \\
tviMin      &   -0.39 &     -0.46 &   -0.65 &    -0.45 &   -0.39 & -0.35 &    1.00 &    -0.30 &        -0.55 \\
ndviMax     &    0.55 &      0.60 &    0.63 &     0.58 &    0.27 &  0.44 &   -0.30 &     1.00 &         0.67 \\
cgreenviMax &    0.60 &      0.60 &    0.91 &     0.60 &    0.36 &  0.50 &   -0.55 &     0.67 &         1.00 \\
\bottomrule
\end{tabular}
