\begin{tabular}{lrrrrrrrrrrrr}
\toprule
{} &  volImage &  maxRed &  maxBlue &  varianceBlue &  criMax &  maxGreen &  mtviOneMean &  ndviMean &  laiLatArea &  saviMax &  tviMax &  ndviMax \\
\midrule
volImage     &      1.00 &    0.62 &     0.61 &          0.62 &    0.62 &      0.59 &         0.46 &      0.40 &        0.99 &     0.57 &    0.56 &     0.60 \\
maxRed       &      0.62 &    1.00 &     0.92 &          0.80 &    0.95 &      0.93 &         0.80 &      0.53 &        0.61 &     0.65 &    0.64 &     0.68 \\
maxBlue      &      0.61 &    0.92 &     1.00 &          0.77 &    0.81 &      0.82 &         0.86 &      0.57 &        0.60 &     0.67 &    0.66 &     0.70 \\
varianceBlue &      0.62 &    0.80 &     0.77 &          1.00 &    0.77 &      0.85 &         0.61 &      0.31 &        0.61 &     0.69 &    0.69 &     0.69 \\
criMax       &      0.62 &    0.95 &     0.81 &          0.77 &    1.00 &      0.91 &         0.63 &      0.46 &        0.61 &     0.59 &    0.59 &     0.63 \\
maxGreen     &      0.59 &    0.93 &     0.82 &          0.85 &    0.91 &      1.00 &         0.73 &      0.46 &        0.58 &     0.65 &    0.65 &     0.68 \\
mtviOneMean  &      0.46 &    0.80 &     0.86 &          0.61 &    0.63 &      0.73 &         1.00 &      0.76 &        0.45 &     0.65 &    0.65 &     0.68 \\
ndviMean     &      0.40 &    0.53 &     0.57 &          0.31 &    0.46 &      0.46 &         0.76 &      1.00 &        0.39 &     0.46 &    0.46 &     0.61 \\
laiLatArea   &      0.99 &    0.61 &     0.60 &          0.61 &    0.61 &      0.58 &         0.45 &      0.39 &        1.00 &     0.55 &    0.55 &     0.58 \\
saviMax      &      0.57 &    0.65 &     0.67 &          0.69 &    0.59 &      0.65 &         0.65 &      0.46 &        0.55 &     1.00 &    1.00 &     0.95 \\
tviMax       &      0.56 &    0.64 &     0.66 &          0.69 &    0.59 &      0.65 &         0.65 &      0.46 &        0.55 &     1.00 &    1.00 &     0.95 \\
ndviMax      &      0.60 &    0.68 &     0.70 &          0.69 &    0.63 &      0.68 &         0.68 &      0.61 &        0.58 &     0.95 &    0.95 &     1.00 \\
\bottomrule
\end{tabular}
