\begin{tabular}{lrrrrrrr}
\toprule
{} &  yields &  volImage &  maxRed &  maxBlue &  varianceBlue &  criMax &  maxGreen \\
\midrule
yields       &    1.00 &      0.76 &    0.46 &     0.41 &          0.49 &    0.51 &      0.47 \\
volImage     &    0.76 &      1.00 &    0.33 &     0.23 &          0.52 &    0.43 &      0.37 \\
maxRed       &    0.46 &      0.33 &    1.00 &     0.71 &          0.51 &    0.92 &      0.93 \\
maxBlue      &    0.41 &      0.23 &    0.71 &     1.00 &          0.45 &    0.52 &      0.62 \\
varianceBlue &    0.49 &      0.52 &    0.51 &     0.45 &          1.00 &    0.50 &      0.59 \\
criMax       &    0.51 &      0.43 &    0.92 &     0.52 &          0.50 &    1.00 &      0.90 \\
maxGreen     &    0.47 &      0.37 &    0.93 &     0.62 &          0.59 &    0.90 &      1.00 \\
\bottomrule
\end{tabular}
