\begin{tabular}{lrrrrrrr}
\toprule
{} &  yields &  mtviOneMean &  ndviMean &  laiLatArea &  saviMax &  tviMax &  ndviMax \\
\midrule
yields      &    1.00 &         0.07 &      0.36 &        0.77 &     0.32 &    0.32 &     0.60 \\
mtviOneMean &    0.07 &         1.00 &      0.66 &       -0.25 &     0.12 &    0.11 &     0.26 \\
ndviMean    &    0.36 &         0.66 &      1.00 &       -0.01 &     0.03 &    0.03 &     0.47 \\
laiLatArea  &    0.77 &        -0.25 &     -0.01 &        1.00 &     0.32 &    0.33 &     0.44 \\
saviMax     &    0.32 &         0.12 &      0.03 &        0.32 &     1.00 &    1.00 &     0.76 \\
tviMax      &    0.32 &         0.11 &      0.03 &        0.33 &     1.00 &    1.00 &     0.76 \\
ndviMax     &    0.60 &         0.26 &      0.47 &        0.44 &     0.76 &    0.76 &     1.00 \\
\bottomrule
\end{tabular}
