\begin{tabular}{lrrrrrrrrrrrrrrrrrrrrrrrrrrrrrrrrrrrrrrrrrrrrrrrrrrrrrrrrrrrrr}
\toprule
{} &    yields &      ndvi &  volImage &   volCalc &  areaCalc &  areaImage &    hImage &      hMed &  dataIafNdvi &   meanRed &    minRed &    maxRed &  minGreen &  maxGreen &  meanGreen &   minBlue &   maxBlue &  meanBlue &  maxHistIndexValue &  maxHistRedIndexValue &  maxHistGreenIndexValue &  maxHistBlueIndexValue &  varianceRed &  varianceGreen &  varianceBlue &   criMean &    criMax &    criMin &  cgreenviMean &  cgreenviMax &  cgreenviMin &  cnirviMean &  cnirviMax &  cnirviMin &  gndviMean &  gndviMax &  gndviMin &  mcariOneMean &  mcariOneMax &  mcariOneMin &  mtviOneMean &  mtviOneMax &  mtviOneMin &  ngrdiMean &  ngrdiMax &  ngrdiMin &  ndviMean &   ndviMax &   ndviMin &   rviMean &    rviMax &    rviMin &  nrviMean &   nrviMax &   nrviMin &   tviMean &    tviMax &    tviMin &  saviMean &   saviMax &   saviMin \\
\midrule
yields                 &  1.000000 &  0.406796 &  0.733557 &  0.703569 &  0.530359 &   0.573153 &  0.733366 &  0.694080 &     0.596153 &  0.163108 & -0.067891 &  0.498767 & -0.287203 &  0.503739 &   0.158528 &  0.056267 &  0.455783 &  0.146815 &           0.197285 &                   NaN &                0.040891 &               0.040891 &     0.262692 &      -0.038551 &      0.473202 &  0.024923 &  0.522296 & -0.132351 &     -0.075050 &     0.469366 &    -0.287745 &    0.028543 &   0.085689 &   0.023247 &   0.020574 &  0.293613 & -0.458860 &      0.141155 &     0.348307 &     0.067323 &     0.141155 &    0.348307 &    0.067323 &   0.000213 &  0.312986 & -0.291736 &  0.406796 &  0.601831 & -0.424356 &  0.102525 &  0.262092 & -0.418621 &  0.089740 &  0.293243 & -0.424356 &  0.088398 &  0.294697 & -0.425018 &  0.090233 &  0.294811 & -0.420414 \\
ndvi                   &  0.406796 &  1.000000 &  0.006896 &  0.013710 &  0.014202 &  -0.036069 & -0.016555 &  0.027961 &     0.263007 &  0.371608 &  0.582326 &  0.171423 &  0.152354 &  0.089054 &  -0.042742 &  0.637461 &  0.296597 &  0.607726 &           0.325277 &                   NaN &                0.062616 &               0.062616 &    -0.399357 &      -0.633409 &     -0.226753 &  0.047182 &  0.118013 &  0.540472 &     -0.000017 &     0.114912 &     0.155803 &    0.221802 &  -0.560722 &   0.623923 &   0.543496 & -0.147945 &  0.187683 &      0.662596 &     0.400961 &     0.636061 &     0.662596 &    0.400961 &    0.636061 &  -0.282531 & -0.399088 &  0.152083 &  1.000000 &  0.465026 &  0.291114 &  0.709359 & -0.010211 &  0.283625 &  0.708401 &  0.026509 &  0.291114 &  0.708151 &  0.028888 &  0.292285 &  0.708399 &  0.034428 &  0.298206 \\
volImage               &  0.733557 &  0.006896 &  1.000000 &  0.948400 &  0.787971 &   0.925925 &  0.832837 &  0.709445 &     0.521719 & -0.100964 & -0.473462 &  0.333037 & -0.398614 &  0.365653 &   0.096238 & -0.357551 &  0.229953 & -0.223079 &          -0.046309 &                   NaN &                0.016457 &               0.016457 &     0.386922 &       0.322945 &      0.515003 &  0.120331 &  0.427770 & -0.512690 &      0.014776 &     0.347101 &    -0.393940 &   -0.011356 &   0.399608 &  -0.391278 &  -0.244484 &  0.409824 & -0.496494 &     -0.252275 &     0.112107 &    -0.357283 &    -0.252275 &    0.112107 &   -0.357283 &   0.111721 &  0.457867 & -0.411635 &  0.006896 &  0.452548 & -0.581267 & -0.294397 &  0.333996 & -0.564237 & -0.302506 &  0.337786 & -0.581267 & -0.303290 &  0.337591 & -0.583990 & -0.302389 &  0.332566 & -0.582138 \\
volCalc                &  0.703569 &  0.013710 &  0.948400 &  1.000000 &  0.827770 &   0.938198 &  0.715321 &  0.810952 &     0.471373 & -0.077061 & -0.489426 &  0.320240 & -0.430442 &  0.333575 &   0.031106 & -0.364202 &  0.243355 & -0.192737 &          -0.029635 &                   NaN &                0.049641 &               0.049641 &     0.411561 &       0.318993 &      0.482646 &  0.092099 &  0.402826 & -0.534651 &     -0.053038 &     0.341151 &    -0.423754 &   -0.014133 &   0.365238 &  -0.405756 &  -0.160716 &  0.440028 & -0.438830 &     -0.233017 &     0.082842 &    -0.369440 &    -0.233017 &    0.082842 &   -0.369440 &   0.018433 &  0.413841 & -0.443070 &  0.013710 &  0.469610 & -0.528944 & -0.263398 &  0.337444 & -0.519141 & -0.269416 &  0.355905 & -0.528944 & -0.269886 &  0.356542 & -0.530451 & -0.269279 &  0.349718 & -0.529905 \\
areaCalc               &  0.530359 &  0.014202 &  0.787971 &  0.827770 &  1.000000 &   0.801173 &  0.581702 &  0.653904 &     0.410775 & -0.056227 & -0.350886 &  0.325090 & -0.367270 &  0.329501 &   0.042094 & -0.236269 &  0.212288 & -0.119711 &          -0.078575 &                   NaN &                0.136496 &               0.136496 &     0.242463 &       0.188266 &      0.396437 &  0.204311 &  0.387636 & -0.384551 &      0.038692 &     0.333619 &    -0.358939 &    0.089548 &   0.263927 &  -0.266103 &  -0.118730 &  0.373920 & -0.389907 &     -0.135496 &     0.127390 &    -0.246251 &    -0.135496 &    0.127390 &   -0.246251 &   0.033188 &  0.340750 & -0.380256 &  0.014202 &  0.387399 & -0.450739 & -0.156536 &  0.315246 & -0.444569 & -0.162472 &  0.333192 & -0.450739 & -0.163061 &  0.333980 & -0.451623 & -0.162483 &  0.328129 & -0.450110 \\
areaImage              &  0.573153 & -0.036069 &  0.925925 &  0.938198 &  0.801173 &   1.000000 &  0.582783 &  0.574280 &     0.397617 & -0.108306 & -0.490086 &  0.229855 & -0.411511 &  0.219602 &  -0.007715 & -0.371597 &  0.145472 & -0.223173 &          -0.074496 &                   NaN &                0.024262 &               0.024262 &     0.355097 &       0.326175 &      0.390227 &  0.121516 &  0.312558 & -0.529060 &     -0.009366 &     0.232862 &    -0.399156 &    0.011802 &   0.350055 &  -0.407522 &  -0.168734 &  0.424557 & -0.351780 &     -0.264746 &     0.053205 &    -0.378758 &    -0.264746 &    0.053205 &   -0.378758 &   0.012892 &  0.351246 & -0.424244 & -0.036069 &  0.405596 & -0.478029 & -0.289084 &  0.330144 & -0.466808 & -0.294982 &  0.338821 & -0.478029 & -0.295544 &  0.338951 & -0.479914 & -0.294909 &  0.331519 & -0.479517 \\
hImage                 &  0.733366 & -0.016555 &  0.832837 &  0.715321 &  0.581702 &   0.582783 &  1.000000 &  0.754090 &     0.563120 & -0.096435 & -0.357104 &  0.422472 & -0.314486 &  0.514392 &   0.199167 & -0.279469 &  0.277452 & -0.200403 &          -0.018187 &                   NaN &                0.022118 &               0.022118 &     0.343027 &       0.265304 &      0.573572 &  0.091301 &  0.515144 & -0.376792 &      0.061334 &     0.465195 &    -0.317961 &   -0.055423 &   0.401651 &  -0.299355 &  -0.301631 &  0.323248 & -0.603026 &     -0.204650 &     0.163792 &    -0.270019 &    -0.204650 &    0.163792 &   -0.270019 &   0.220934 &  0.541277 & -0.326471 & -0.016555 &  0.352235 & -0.617168 & -0.254662 &  0.232389 & -0.599071 & -0.265134 &  0.233906 & -0.617168 & -0.266185 &  0.233615 & -0.619832 & -0.265087 &  0.233015 & -0.617085 \\
hMed                   &  0.694080 &  0.027961 &  0.709445 &  0.810952 &  0.653904 &   0.574280 &  0.754090 &  1.000000 &     0.462621 & -0.046427 & -0.374307 &  0.397794 & -0.380511 &  0.456615 &   0.057741 & -0.270692 &  0.324245 & -0.119686 &           0.027835 &                   NaN &                0.091950 &               0.091950 &     0.384878 &       0.236178 &      0.514659 &  0.035134 &  0.466527 & -0.404674 &     -0.111155 &     0.464862 &    -0.380383 &   -0.052989 &   0.318740 &  -0.306471 &  -0.104736 &  0.383779 & -0.478752 &     -0.139594 &     0.110086 &    -0.271179 &    -0.139594 &    0.110086 &   -0.271179 &   0.016693 &  0.428635 & -0.391459 &  0.027961 &  0.392954 & -0.494167 & -0.156059 &  0.248651 & -0.491023 & -0.162834 &  0.277776 & -0.494167 & -0.163308 &  0.279040 & -0.494318 & -0.162878 &  0.275212 & -0.494119 \\
dataIafNdvi            &  0.596153 &  0.263007 &  0.521719 &  0.471373 &  0.410775 &   0.397617 &  0.563120 &  0.462621 &     1.000000 & -0.027629 & -0.140745 &  0.725535 & -0.202487 &  0.737265 &   0.140962 & -0.105291 &  0.348996 & -0.071863 &           0.020547 &                   NaN &               -0.049770 &              -0.049770 &     0.196508 &       0.089237 &      0.429950 &  0.206881 &  0.838814 & -0.155368 &      0.194862 &     0.734517 &    -0.210134 &    0.101449 &   0.282350 &  -0.115501 &  -0.153381 &  0.205661 & -0.753227 &     -0.065788 &     0.123008 &    -0.107676 &    -0.065788 &    0.123008 &   -0.107676 &   0.125603 &  0.513927 & -0.204699 &  0.263007 &  0.303281 & -0.832637 & -0.093619 &  0.054566 & -0.838363 & -0.101207 &  0.052102 & -0.832637 & -0.102044 &  0.051952 & -0.830969 & -0.101151 &  0.050677 & -0.828534 \\
meanRed                &  0.163108 &  0.371608 & -0.100964 & -0.077061 & -0.056227 &  -0.108306 & -0.096435 & -0.046427 &    -0.027629 &  1.000000 &  0.556100 &  0.419083 &  0.074640 &  0.270113 &   0.420580 &  0.682989 &  0.674046 &  0.889193 &           0.671676 &                   NaN &                0.634462 &               0.634462 &     0.087166 &      -0.620676 &      0.115167 & -0.167754 &  0.054940 &  0.296602 &     -0.078682 &     0.106707 &     0.056537 &    0.195715 &  -0.671514 &   0.598731 &   0.409454 & -0.073272 &  0.070493 &      0.759255 &     0.426268 &     0.679836 &     0.759255 &    0.426268 &    0.679836 &  -0.232931 & -0.268617 &  0.082107 &  0.371608 &  0.267938 &  0.218985 &  0.505696 &  0.016870 &  0.203717 &  0.519276 &  0.094657 &  0.218985 &  0.521071 &  0.099356 &  0.221472 &  0.524095 &  0.103405 &  0.227858 \\
minRed                 & -0.067891 &  0.582326 & -0.473462 & -0.489426 & -0.350886 &  -0.490086 & -0.357104 & -0.374307 &    -0.140745 &  0.556100 &  1.000000 &  0.111524 &  0.381374 &  0.043350 &   0.096366 &  0.904275 &  0.262694 &  0.784973 &           0.440476 &                   NaN &                0.241105 &               0.241105 &    -0.644602 &      -0.857521 &     -0.419148 & -0.033278 & -0.100065 &  0.957696 &     -0.021543 &     0.003372 &     0.382910 &    0.243136 &  -0.785558 &   0.910450 &   0.556987 & -0.379313 &  0.331615 &      0.832091 &     0.449908 &     0.899051 &     0.832091 &    0.449908 &    0.899051 &  -0.212968 & -0.485666 &  0.382197 &  0.582326 & -0.126238 &  0.529596 &  0.817307 & -0.350287 &  0.516024 &  0.823080 & -0.314036 &  0.529596 &  0.823486 & -0.311202 &  0.531775 &  0.824189 & -0.300002 &  0.538434 \\
maxRed                 &  0.498767 &  0.171423 &  0.333037 &  0.320240 &  0.325090 &   0.229855 &  0.422472 &  0.397794 &     0.725535 &  0.419083 &  0.111524 &  1.000000 & -0.150374 &  0.927542 &   0.309153 &  0.226237 &  0.712158 &  0.323289 &           0.269713 &                   NaN &                0.324926 &               0.324926 &     0.250391 &      -0.199078 &      0.511957 &  0.101414 &  0.923373 & -0.016729 &      0.126246 &     0.866983 &    -0.165527 &    0.200066 &   0.020977 &   0.188707 &   0.048101 &  0.153851 & -0.717444 &      0.267060 &     0.281450 &     0.221653 &     0.267060 &    0.281450 &    0.221653 &  -0.009220 &  0.425802 & -0.147326 &  0.171423 &  0.358484 & -0.633252 &  0.135457 &  0.146885 & -0.642840 &  0.131688 &  0.200873 & -0.633252 &  0.131321 &  0.203869 & -0.630989 &  0.133965 &  0.203896 & -0.624337 \\
minGreen               & -0.287203 &  0.152354 & -0.398614 & -0.430442 & -0.367270 &  -0.411511 & -0.314486 & -0.380511 &    -0.202487 &  0.074640 &  0.381374 & -0.150374 &  1.000000 & -0.125160 &   0.165975 &  0.288327 & -0.168095 &  0.200636 &          -0.012943 &                   NaN &                0.055497 &               0.055497 &    -0.408748 &      -0.299439 &     -0.313317 &  0.074066 & -0.206190 &  0.416858 &      0.043781 &    -0.196402 &     0.995234 &    0.120435 &  -0.338822 &   0.307646 &   0.021108 & -0.996631 &  0.188826 &      0.278595 &     0.159528 &     0.308618 &     0.278595 &    0.159528 &    0.308618 &   0.188902 & -0.171917 &  0.994621 &  0.152354 & -0.226662 &  0.321593 &  0.281501 & -0.188864 &  0.331737 &  0.286655 & -0.209313 &  0.321593 &  0.287034 & -0.210153 &  0.319940 &  0.286349 & -0.205753 &  0.322868 \\
maxGreen               &  0.503739 &  0.089054 &  0.365653 &  0.333575 &  0.329501 &   0.219602 &  0.514392 &  0.456615 &     0.737265 &  0.270113 &  0.043350 &  0.927542 & -0.125160 &  1.000000 &   0.371419 &  0.133276 &  0.618715 &  0.193583 &           0.179454 &                   NaN &                0.275067 &               0.275067 &     0.204914 &      -0.123554 &      0.586136 &  0.142822 &  0.898752 & -0.044357 &      0.126276 &     0.923284 &    -0.141966 &    0.152130 &   0.123437 &   0.109306 &  -0.106342 &  0.127679 & -0.840669 &      0.178289 &     0.329292 &     0.136373 &     0.178289 &    0.329292 &    0.136373 &   0.155399 &  0.592598 & -0.121999 &  0.089054 &  0.309670 & -0.685988 &  0.063946 &  0.180927 & -0.695163 &  0.057001 &  0.214298 & -0.685988 &  0.056225 &  0.216047 & -0.683744 &  0.058576 &  0.217588 & -0.678287 \\
meanGreen              &  0.158528 & -0.042742 &  0.096238 &  0.031106 &  0.042094 &  -0.007715 &  0.199167 &  0.057741 &     0.140962 &  0.420580 &  0.096366 &  0.309153 &  0.165975 &  0.371419 &   1.000000 &  0.151622 &  0.342419 &  0.245474 &           0.164990 &                   NaN &                0.345997 &               0.345997 &     0.223882 &      -0.109906 &      0.583597 & -0.050561 &  0.152397 & -0.031086 &     -0.093775 &    -0.005749 &     0.115209 &    0.029767 &  -0.098475 &   0.119889 &  -0.579915 & -0.175245 & -0.346685 &      0.262633 &     0.417988 &     0.171802 &     0.262633 &    0.417988 &    0.171802 &   0.774069 &  0.398160 &  0.190864 & -0.042742 &  0.143503 & -0.184078 & -0.020906 &  0.098781 & -0.187387 & -0.018463 &  0.125108 & -0.184078 & -0.017981 &  0.126644 & -0.183260 & -0.015549 &  0.128476 & -0.181060 \\
minBlue                &  0.056267 &  0.637461 & -0.357551 & -0.364202 & -0.236269 &  -0.371597 & -0.279469 & -0.270692 &    -0.105291 &  0.682989 &  0.904275 &  0.226237 &  0.288327 &  0.133276 &   0.151622 &  1.000000 &  0.399808 &  0.908790 &           0.529828 &                   NaN &                0.309210 &               0.309210 &    -0.552017 &      -0.952556 &     -0.256995 & -0.045409 & -0.027555 &  0.801366 &     -0.057358 &     0.077281 &     0.283294 &    0.315825 &  -0.853146 &   0.992061 &   0.627345 & -0.284110 &  0.267131 &      0.945308 &     0.561468 &     0.989311 &     0.945308 &    0.561468 &    0.989311 &  -0.267780 & -0.471927 &  0.292978 &  0.637461 &  0.163594 &  0.480781 &  0.912439 & -0.012862 &  0.466987 &  0.913813 &  0.040213 &  0.480781 &  0.913731 &  0.043568 &  0.482813 &  0.915336 &  0.054065 &  0.491598 \\
maxBlue                &  0.455783 &  0.296597 &  0.229953 &  0.243355 &  0.212288 &   0.145472 &  0.277452 &  0.324245 &     0.348996 &  0.674046 &  0.262694 &  0.712158 & -0.168095 &  0.618715 &   0.342419 &  0.399808 &  1.000000 &  0.561835 &           0.464959 &                   NaN &                0.424054 &               0.424054 &     0.331686 &      -0.283960 &      0.447751 & -0.063649 &  0.516741 &  0.073479 &     -0.017022 &     0.515621 &    -0.182165 &    0.087993 &  -0.086857 &   0.335384 &   0.211240 &  0.169663 & -0.360280 &      0.465356 &     0.414367 &     0.388242 &     0.465356 &    0.414367 &    0.388242 &  -0.140299 &  0.155638 & -0.158660 &  0.296597 &  0.434288 & -0.214926 &  0.278658 &  0.122300 & -0.226369 &  0.275291 &  0.202592 & -0.214926 &  0.275065 &  0.206931 & -0.212855 &  0.278678 &  0.210269 & -0.206917 \\
meanBlue               &  0.146815 &  0.607726 & -0.223079 & -0.192737 & -0.119711 &  -0.223173 & -0.200403 & -0.119686 &    -0.071863 &  0.889193 &  0.784973 &  0.323289 &  0.200636 &  0.193583 &   0.245474 &  0.908790 &  0.561835 &  1.000000 &           0.679977 &                   NaN &                0.495912 &               0.495912 &    -0.279365 &      -0.869361 &     -0.123942 & -0.093070 & -0.001996 &  0.597100 &     -0.073414 &     0.099302 &     0.192330 &    0.304447 &  -0.871364 &   0.850581 &   0.640234 & -0.196248 &  0.218848 &      0.965795 &     0.572039 &     0.911204 &     0.965795 &    0.572039 &    0.911204 &  -0.326072 & -0.445573 &  0.205524 &  0.607726 &  0.271963 &  0.410206 &  0.842953 &  0.020975 &  0.395725 &  0.850929 &  0.098479 &  0.410206 &  0.851873 &  0.103202 &  0.412421 &  0.853886 &  0.110429 &  0.420732 \\
maxHistIndexValue      &  0.197285 &  0.325277 & -0.046309 & -0.029635 & -0.078575 &  -0.074496 & -0.018187 &  0.027835 &     0.020547 &  0.671676 &  0.440476 &  0.269713 & -0.012943 &  0.179454 &   0.164990 &  0.529828 &  0.464959 &  0.679977 &           1.000000 &                   NaN &                0.410936 &               0.410936 &    -0.011264 &      -0.437820 &     -0.036864 & -0.116269 &  0.021969 &  0.273387 &     -0.043424 &     0.116145 &    -0.027348 &    0.101981 &  -0.531879 &   0.461769 &   0.434513 &  0.007389 &  0.090944 &      0.613481 &     0.517405 &     0.527347 &     0.613481 &    0.517405 &    0.527347 &  -0.276227 & -0.250257 & -0.003151 &  0.325277 &  0.177064 &  0.152857 &  0.479686 & -0.002876 &  0.149783 &  0.484042 &  0.044173 &  0.152857 &  0.484682 &  0.047041 &  0.153300 &  0.486688 &  0.053818 &  0.159436 \\
maxHistRedIndexValue   &       NaN &       NaN &       NaN &       NaN &       NaN &        NaN &       NaN &       NaN &          NaN &       NaN &       NaN &       NaN &       NaN &       NaN &        NaN &       NaN &       NaN &       NaN &                NaN &                   NaN &                     NaN &                    NaN &          NaN &            NaN &           NaN &       NaN &       NaN &       NaN &           NaN &          NaN &          NaN &         NaN &        NaN &        NaN &        NaN &       NaN &       NaN &           NaN &          NaN &          NaN &          NaN &         NaN &         NaN &        NaN &       NaN &       NaN &       NaN &       NaN &       NaN &       NaN &       NaN &       NaN &       NaN &       NaN &       NaN &       NaN &       NaN &       NaN &       NaN &       NaN &       NaN \\
maxHistGreenIndexValue &  0.040891 &  0.062616 &  0.016457 &  0.049641 &  0.136496 &   0.024262 &  0.022118 &  0.091950 &    -0.049770 &  0.634462 &  0.241105 &  0.324926 &  0.055497 &  0.275067 &   0.345997 &  0.309210 &  0.424054 &  0.495912 &           0.410936 &                   NaN &                1.000000 &               1.000000 &     0.083503 &      -0.311252 &      0.168822 & -0.038661 &  0.088436 &  0.057610 &      0.007343 &     0.154346 &     0.036563 &    0.095618 &  -0.349519 &   0.243019 &   0.150601 & -0.059495 & -0.039565 &      0.392748 &     0.226175 &     0.309563 &     0.392748 &    0.226175 &    0.309563 &  -0.074096 & -0.105475 &  0.052821 &  0.062616 &  0.007610 &  0.093323 &  0.183391 & -0.023021 &  0.075170 &  0.200759 & -0.005257 &  0.093323 &  0.203031 & -0.003984 &  0.096693 &  0.204265 & -0.003431 &  0.097948 \\
maxHistBlueIndexValue  &  0.040891 &  0.062616 &  0.016457 &  0.049641 &  0.136496 &   0.024262 &  0.022118 &  0.091950 &    -0.049770 &  0.634462 &  0.241105 &  0.324926 &  0.055497 &  0.275067 &   0.345997 &  0.309210 &  0.424054 &  0.495912 &           0.410936 &                   NaN &                1.000000 &               1.000000 &     0.083503 &      -0.311252 &      0.168822 & -0.038661 &  0.088436 &  0.057610 &      0.007343 &     0.154346 &     0.036563 &    0.095618 &  -0.349519 &   0.243019 &   0.150601 & -0.059495 & -0.039565 &      0.392748 &     0.226175 &     0.309563 &     0.392748 &    0.226175 &    0.309563 &  -0.074096 & -0.105475 &  0.052821 &  0.062616 &  0.007610 &  0.093323 &  0.183391 & -0.023021 &  0.075170 &  0.200759 & -0.005257 &  0.093323 &  0.203031 & -0.003984 &  0.096693 &  0.204265 & -0.003431 &  0.097948 \\
varianceRed            &  0.262692 & -0.399357 &  0.386922 &  0.411561 &  0.242463 &   0.355097 &  0.343027 &  0.384878 &     0.196508 &  0.087166 & -0.644602 &  0.250391 & -0.408748 &  0.204914 &   0.223882 & -0.552017 &  0.331686 & -0.279365 &          -0.011264 &                   NaN &                0.083503 &               0.083503 &     1.000000 &       0.626867 &      0.665062 & -0.199432 &  0.237554 & -0.761305 &     -0.087627 &     0.119158 &    -0.418667 &   -0.281024 &   0.526920 &  -0.613067 &  -0.376733 &  0.404563 & -0.392231 &     -0.434782 &    -0.213650 &    -0.548437 &    -0.434782 &   -0.213650 &   -0.548437 &   0.098263 &  0.421117 & -0.404486 & -0.399357 &  0.233475 & -0.483318 & -0.605305 &  0.179710 & -0.478284 & -0.605811 &  0.206693 & -0.483318 & -0.605321 &  0.207693 & -0.484074 & -0.603563 &  0.198312 & -0.487007 \\
varianceGreen          & -0.038551 & -0.633409 &  0.322945 &  0.318993 &  0.188266 &   0.326175 &  0.265304 &  0.236178 &     0.089237 & -0.620676 & -0.857521 & -0.199078 & -0.299439 & -0.123554 &  -0.109906 & -0.952556 & -0.283960 & -0.869361 &          -0.437820 &                   NaN &               -0.311252 &              -0.311252 &     0.626867 &       1.000000 &      0.270300 & -0.014241 &  0.034146 & -0.769311 &      0.039528 &    -0.085684 &    -0.296139 &   -0.378876 &   0.881907 &  -0.945296 &  -0.641738 &  0.293994 & -0.271231 &     -0.919492 &    -0.465684 &    -0.957910 &    -0.919492 &   -0.465684 &   -0.957910 &   0.276556 &  0.491301 & -0.303383 & -0.633409 & -0.158529 & -0.464338 & -0.917895 & -0.001508 & -0.450823 & -0.925239 & -0.051814 & -0.464338 & -0.925935 & -0.055117 & -0.466354 & -0.926288 & -0.063369 & -0.474953 \\
varianceBlue           &  0.473202 & -0.226753 &  0.515003 &  0.482646 &  0.396437 &   0.390227 &  0.573572 &  0.514659 &     0.429950 &  0.115167 & -0.419148 &  0.511957 & -0.313317 &  0.586136 &   0.583597 & -0.256995 &  0.447751 & -0.123942 &          -0.036864 &                   NaN &                0.168822 &               0.168822 &     0.665062 &       0.270300 &      1.000000 & -0.020909 &  0.501035 & -0.516808 &     -0.115051 &     0.387419 &    -0.341142 &   -0.071186 &   0.402570 &  -0.288078 &  -0.516012 &  0.313912 & -0.679790 &     -0.162005 &     0.156332 &    -0.254356 &    -0.162005 &    0.156332 &   -0.254356 &   0.435069 &  0.663599 & -0.301179 & -0.226753 &  0.388514 & -0.620415 & -0.333576 &  0.374260 & -0.614728 & -0.342914 &  0.400576 & -0.620415 & -0.343703 &  0.401548 & -0.621132 & -0.341225 &  0.398332 & -0.619640 \\
criMean                &  0.024923 &  0.047182 &  0.120331 &  0.092099 &  0.204311 &   0.121516 &  0.091301 &  0.035134 &     0.206881 & -0.167754 & -0.033278 &  0.101414 &  0.074066 &  0.142822 &  -0.050561 & -0.045409 & -0.063649 & -0.093070 &          -0.116269 &                   NaN &               -0.038661 &              -0.038661 &    -0.199432 &      -0.014241 &     -0.020909 &  1.000000 &  0.181438 &  0.014674 &      0.671579 &     0.168517 &     0.088660 &    0.780045 &   0.071048 &  -0.032529 &  -0.047619 & -0.070105 & -0.217135 &     -0.038354 &     0.069120 &    -0.039936 &    -0.038354 &    0.069120 &   -0.039936 &   0.063332 &  0.205870 &  0.085461 &  0.047182 &  0.065216 & -0.171409 &  0.015757 &  0.060804 & -0.175195 &  0.004368 &  0.052873 & -0.171409 &  0.002651 &  0.052624 & -0.170839 &  0.003442 &  0.050758 & -0.170125 \\
criMax                 &  0.522296 &  0.118013 &  0.427770 &  0.402826 &  0.387636 &   0.312558 &  0.515144 &  0.466527 &     0.838814 &  0.054940 & -0.100065 &  0.923373 & -0.206190 &  0.898752 &   0.152397 & -0.027555 &  0.516741 & -0.001996 &           0.021969 &                   NaN &                0.088436 &               0.088436 &     0.237554 &       0.034146 &      0.501035 &  0.181438 &  1.000000 & -0.135923 &      0.177331 &     0.905484 &    -0.215437 &    0.132102 &   0.295834 &  -0.035456 &  -0.097792 &  0.208492 & -0.803074 &     -0.012175 &     0.131996 &    -0.032401 &    -0.012175 &    0.131996 &   -0.032401 &   0.066847 &  0.555082 & -0.205253 &  0.118013 &  0.333457 & -0.773271 & -0.050759 &  0.151160 & -0.777882 & -0.060501 &  0.178481 & -0.773271 & -0.061649 &  0.179862 & -0.771753 & -0.059971 &  0.178226 & -0.767113 \\
criMin                 & -0.132351 &  0.540472 & -0.512690 & -0.534651 & -0.384551 &  -0.529060 & -0.376792 & -0.404674 &    -0.155368 &  0.296602 &  0.957696 & -0.016729 &  0.416858 & -0.044357 &  -0.031086 &  0.801366 &  0.073479 &  0.597100 &           0.273387 &                   NaN &                0.057610 &               0.057610 &    -0.761305 &      -0.769311 &     -0.516808 &  0.014674 & -0.135923 &  1.000000 &     -0.005647 &    -0.035218 &     0.425547 &    0.210082 &  -0.671824 &   0.837253 &   0.499099 & -0.414181 &  0.360139 &      0.695872 &     0.367719 &     0.796919 &     0.695872 &    0.367719 &    0.796919 &  -0.163627 & -0.464611 &  0.414704 &  0.540472 & -0.237424 &  0.535828 &  0.766447 & -0.422854 &  0.525198 &  0.768220 & -0.403589 &  0.535828 &  0.768055 & -0.401707 &  0.537535 &  0.767842 & -0.390403 &  0.542912 \\
cgreenviMean           & -0.075050 & -0.000017 &  0.014776 & -0.053038 &  0.038692 &  -0.009366 &  0.061334 & -0.111155 &     0.194862 & -0.078682 & -0.021543 &  0.126246 &  0.043781 &  0.126276 &  -0.093775 & -0.057358 & -0.017022 & -0.073414 &          -0.043424 &                   NaN &                0.007343 &               0.007343 &    -0.087627 &       0.039528 &     -0.115051 &  0.671579 &  0.177331 & -0.005647 &      1.000000 &     0.167639 &     0.052855 &    0.363973 &   0.089959 &  -0.057180 &  -0.010207 & -0.039031 & -0.166345 &     -0.073318 &     0.000541 &    -0.043642 &    -0.073318 &    0.000541 &   -0.043642 &  -0.015679 &  0.149316 &  0.051355 & -0.000017 & -0.007264 & -0.173849 & -0.063424 & -0.042737 & -0.182390 & -0.066710 & -0.052578 & -0.173849 & -0.067245 & -0.052861 & -0.172375 & -0.066909 & -0.055010 & -0.172766 \\
cgreenviMax            &  0.469366 &  0.114912 &  0.347101 &  0.341151 &  0.333619 &   0.232862 &  0.465195 &  0.464862 &     0.734517 &  0.106707 &  0.003372 &  0.866983 & -0.196402 &  0.923284 &  -0.005749 &  0.077281 &  0.515621 &  0.099302 &           0.116145 &                   NaN &                0.154346 &               0.154346 &     0.119158 &      -0.085684 &      0.387419 &  0.168517 &  0.905484 & -0.035218 &      0.167639 &     1.000000 &    -0.195575 &    0.147271 &   0.176620 &   0.066526 &   0.114108 &  0.202234 & -0.765559 &      0.079763 &     0.179013 &     0.072744 &     0.079763 &    0.179013 &    0.072744 &  -0.137964 &  0.480192 & -0.202874 &  0.114912 &  0.271050 & -0.659587 &  0.075423 &  0.151889 & -0.669420 &  0.067349 &  0.176734 & -0.659587 &  0.066371 &  0.177976 & -0.657251 &  0.067785 &  0.178710 & -0.652570 \\
cgreenviMin            & -0.287745 &  0.155803 & -0.393940 & -0.423754 & -0.358939 &  -0.399156 & -0.317961 & -0.380383 &    -0.210134 &  0.056537 &  0.382910 & -0.165527 &  0.995234 & -0.141966 &   0.115209 &  0.283294 & -0.182165 &  0.192330 &          -0.027348 &                   NaN &                0.036563 &               0.036563 &    -0.418667 &      -0.296139 &     -0.341142 &  0.088660 & -0.215437 &  0.425547 &      0.052855 &    -0.195575 &     1.000000 &    0.124786 &  -0.337502 &   0.304180 &   0.053331 & -0.988802 &  0.203464 &      0.269378 &     0.141514 &     0.300315 &     0.269378 &    0.141514 &    0.300315 &   0.148327 & -0.190829 &  0.986031 &  0.155803 & -0.231233 &  0.332199 &  0.287104 & -0.191792 &  0.341962 &  0.291827 & -0.213312 &  0.332199 &  0.292143 & -0.214222 &  0.330544 &  0.291382 & -0.209909 &  0.333348 \\
cnirviMean             &  0.028543 &  0.221802 & -0.011356 & -0.014133 &  0.089548 &   0.011802 & -0.055423 & -0.052989 &     0.101449 &  0.195715 &  0.243136 &  0.200066 &  0.120435 &  0.152130 &   0.029767 &  0.315825 &  0.087993 &  0.304447 &           0.101981 &                   NaN &                0.095618 &               0.095618 &    -0.281024 &      -0.378876 &     -0.071186 &  0.780045 &  0.132102 &  0.210082 &      0.363973 &     0.147271 &     0.124786 &    1.000000 &  -0.329314 &   0.309345 &   0.230732 & -0.117644 & -0.079598 &      0.337238 &     0.198082 &     0.319888 &     0.337238 &    0.198082 &    0.319888 &  -0.103538 & -0.034925 &  0.131895 &  0.221802 &  0.143688 &  0.026068 &  0.354930 &  0.116856 &  0.021889 &  0.347808 &  0.140987 &  0.026068 &  0.346589 &  0.142524 &  0.026634 &  0.348112 &  0.142312 &  0.031638 \\
cnirviMax              &  0.085689 & -0.560722 &  0.399608 &  0.365238 &  0.263927 &   0.350055 &  0.401651 &  0.318740 &     0.282350 & -0.671514 & -0.785558 &  0.020977 & -0.338822 &  0.123437 &  -0.098475 & -0.853146 & -0.086857 & -0.871364 &          -0.531879 &                   NaN &               -0.349519 &              -0.349519 &     0.526920 &       0.881907 &      0.402570 &  0.071048 &  0.295834 & -0.671824 &      0.089959 &     0.176620 &    -0.337502 &   -0.329314 &   1.000000 &  -0.821299 &  -0.644564 &  0.334449 & -0.467354 &     -0.888286 &    -0.432906 &    -0.862629 &    -0.888286 &   -0.432906 &   -0.862629 &   0.306070 &  0.624673 & -0.339137 & -0.560722 & -0.075838 & -0.612989 & -0.852693 &  0.046342 & -0.601678 & -0.864955 & -0.000563 & -0.612989 & -0.866321 & -0.003753 & -0.614552 & -0.866499 & -0.010069 & -0.620959 \\
cnirviMin              &  0.023247 &  0.623923 & -0.391278 & -0.405756 & -0.266103 &  -0.407522 & -0.299355 & -0.306471 &    -0.115501 &  0.598731 &  0.910450 &  0.188707 &  0.307646 &  0.109306 &   0.119889 &  0.992061 &  0.335384 &  0.850581 &           0.461769 &                   NaN &                0.243019 &               0.243019 &    -0.613067 &      -0.945296 &     -0.288078 & -0.032529 & -0.035456 &  0.837253 &     -0.057180 &     0.066526 &     0.304180 &    0.309345 &  -0.821299 &   1.000000 &   0.601749 & -0.303470 &  0.273627 &      0.906840 &     0.533671 &     0.977461 &     0.906840 &    0.533671 &    0.977461 &  -0.240455 & -0.464993 &  0.311884 &  0.623923 &  0.123725 &  0.489051 &  0.902437 & -0.026047 &  0.475681 &  0.901915 &  0.018672 &  0.489051 &  0.901547 &  0.021548 &  0.491002 &  0.902970 &  0.032584 &  0.499574 \\
gndviMean              &  0.020574 &  0.543496 & -0.244484 & -0.160716 & -0.118730 &  -0.168734 & -0.301631 & -0.104736 &    -0.153381 &  0.409454 &  0.556987 &  0.048101 &  0.021108 & -0.106342 &  -0.579915 &  0.627345 &  0.211240 &  0.640234 &           0.434513 &                   NaN &                0.150601 &               0.150601 &    -0.376733 &      -0.641738 &     -0.516012 & -0.047619 & -0.097792 &  0.499099 &     -0.010207 &     0.114108 &     0.053331 &    0.230732 &  -0.644564 &   0.601749 &   1.000000 & -0.010272 &  0.434935 &      0.599033 &     0.142367 &     0.616761 &     0.599033 &    0.142367 &    0.616761 &  -0.889839 & -0.673002 &  0.006264 &  0.543496 &  0.132886 &  0.469019 &  0.724903 & -0.048169 &  0.459027 &  0.731291 & -0.000240 &  0.469019 &  0.731966 &  0.002706 &  0.470323 &  0.731374 &  0.006663 &  0.475508 \\
gndviMax               &  0.293613 & -0.147945 &  0.409824 &  0.440028 &  0.373920 &   0.424557 &  0.323248 &  0.383779 &     0.205661 & -0.073272 & -0.379313 &  0.153851 & -0.996631 &  0.127679 &  -0.175245 & -0.284110 &  0.169663 & -0.196248 &           0.007389 &                   NaN &               -0.059495 &              -0.059495 &     0.404563 &       0.293994 &      0.313912 & -0.070105 &  0.208492 & -0.414181 &     -0.039031 &     0.202234 &    -0.988802 &   -0.117644 &   0.334449 &  -0.303470 &  -0.010272 &  1.000000 & -0.189738 &     -0.274450 &    -0.153980 &    -0.305602 &    -0.274450 &   -0.153980 &   -0.305602 &  -0.200540 &  0.174257 & -0.996784 & -0.147945 &  0.232897 & -0.323043 & -0.274502 &  0.193252 & -0.332459 & -0.280110 &  0.214845 & -0.323043 & -0.280551 &  0.215757 & -0.321532 & -0.279819 &  0.211360 & -0.324230 \\
gndviMin               & -0.458860 &  0.187683 & -0.496494 & -0.438830 & -0.389907 &  -0.351780 & -0.603026 & -0.478752 &    -0.753227 &  0.070493 &  0.331615 & -0.717444 &  0.188826 & -0.840669 &  -0.346685 &  0.267131 & -0.360280 &  0.218848 &           0.090944 &                   NaN &               -0.039565 &              -0.039565 &    -0.392231 &      -0.271231 &     -0.679790 & -0.217135 & -0.803074 &  0.360139 &     -0.166345 &    -0.765559 &     0.203464 &   -0.079598 &  -0.467354 &   0.273627 &   0.434935 & -0.189738 &  1.000000 &      0.223861 &    -0.113618 &     0.267779 &     0.223861 &   -0.113618 &    0.267779 &  -0.355264 & -0.853193 &  0.184085 &  0.187683 & -0.239870 &  0.867174 &  0.311861 & -0.287951 &  0.867867 &  0.323228 & -0.277610 &  0.867174 &  0.324502 & -0.276635 &  0.866399 &  0.322645 & -0.274546 &  0.864523 \\
mcariOneMean           &  0.141155 &  0.662596 & -0.252275 & -0.233017 & -0.135496 &  -0.264746 & -0.204650 & -0.139594 &    -0.065788 &  0.759255 &  0.832091 &  0.267060 &  0.278595 &  0.178289 &   0.262633 &  0.945308 &  0.465356 &  0.965795 &           0.613481 &                   NaN &                0.392748 &               0.392748 &    -0.434782 &      -0.919492 &     -0.162005 & -0.038354 & -0.012175 &  0.695872 &     -0.073318 &     0.079763 &     0.269378 &    0.337238 &  -0.888286 &   0.906840 &   0.599033 & -0.274450 &  0.223861 &      1.000000 &     0.649809 &     0.954221 &     1.000000 &    0.649809 &    0.954221 &  -0.211358 & -0.427732 &  0.285257 &  0.662596 &  0.259007 &  0.441359 &  0.931393 &  0.037095 &  0.428932 &  0.935047 &  0.107532 &  0.441359 &  0.935391 &  0.111840 &  0.443215 &  0.936874 &  0.120321 &  0.451913 \\
mcariOneMax            &  0.348307 &  0.400961 &  0.112107 &  0.082842 &  0.127390 &   0.053205 &  0.163792 &  0.110086 &     0.123008 &  0.426268 &  0.449908 &  0.281450 &  0.159528 &  0.329292 &   0.417988 &  0.561468 &  0.414367 &  0.572039 &           0.517405 &                   NaN &                0.226175 &               0.226175 &    -0.213650 &      -0.465684 &      0.156332 &  0.069120 &  0.131996 &  0.367719 &      0.000541 &     0.179013 &     0.141514 &    0.198082 &  -0.432906 &   0.533671 &   0.142367 & -0.153980 & -0.113618 &      0.649809 &     1.000000 &     0.563330 &     0.649809 &    1.000000 &    0.563330 &   0.159157 &  0.101003 &  0.169855 &  0.400961 &  0.293159 &  0.086643 &  0.567719 &  0.227340 &  0.085077 &  0.555752 &  0.256278 &  0.086643 &  0.554186 &  0.257712 &  0.086856 &  0.556632 &  0.268154 &  0.093626 \\
mcariOneMin            &  0.067323 &  0.636061 & -0.357283 & -0.369440 & -0.246251 &  -0.378758 & -0.270019 & -0.271179 &    -0.107676 &  0.679836 &  0.899051 &  0.221653 &  0.308618 &  0.136373 &   0.171802 &  0.989311 &  0.388242 &  0.911204 &           0.527347 &                   NaN &                0.309563 &               0.309563 &    -0.548437 &      -0.957910 &     -0.254356 & -0.039936 & -0.032401 &  0.796919 &     -0.043642 &     0.072744 &     0.300315 &    0.319888 &  -0.862629 &   0.977461 &   0.616761 & -0.305602 &  0.267779 &      0.954221 &     0.563330 &     1.000000 &     0.954221 &    0.563330 &    1.000000 &  -0.243026 & -0.468746 &  0.316068 &  0.636061 &  0.162161 &  0.483242 &  0.921665 & -0.027167 &  0.468952 &  0.923839 &  0.028539 &  0.483242 &  0.923895 &  0.032056 &  0.485429 &  0.925267 &  0.041899 &  0.493996 \\
mtviOneMean            &  0.141155 &  0.662596 & -0.252275 & -0.233017 & -0.135496 &  -0.264746 & -0.204650 & -0.139594 &    -0.065788 &  0.759255 &  0.832091 &  0.267060 &  0.278595 &  0.178289 &   0.262633 &  0.945308 &  0.465356 &  0.965795 &           0.613481 &                   NaN &                0.392748 &               0.392748 &    -0.434782 &      -0.919492 &     -0.162005 & -0.038354 & -0.012175 &  0.695872 &     -0.073318 &     0.079763 &     0.269378 &    0.337238 &  -0.888286 &   0.906840 &   0.599033 & -0.274450 &  0.223861 &      1.000000 &     0.649809 &     0.954221 &     1.000000 &    0.649809 &    0.954221 &  -0.211358 & -0.427732 &  0.285257 &  0.662596 &  0.259007 &  0.441359 &  0.931393 &  0.037095 &  0.428932 &  0.935047 &  0.107532 &  0.441359 &  0.935391 &  0.111840 &  0.443215 &  0.936874 &  0.120321 &  0.451913 \\
mtviOneMax             &  0.348307 &  0.400961 &  0.112107 &  0.082842 &  0.127390 &   0.053205 &  0.163792 &  0.110086 &     0.123008 &  0.426268 &  0.449908 &  0.281450 &  0.159528 &  0.329292 &   0.417988 &  0.561468 &  0.414367 &  0.572039 &           0.517405 &                   NaN &                0.226175 &               0.226175 &    -0.213650 &      -0.465684 &      0.156332 &  0.069120 &  0.131996 &  0.367719 &      0.000541 &     0.179013 &     0.141514 &    0.198082 &  -0.432906 &   0.533671 &   0.142367 & -0.153980 & -0.113618 &      0.649809 &     1.000000 &     0.563330 &     0.649809 &    1.000000 &    0.563330 &   0.159157 &  0.101003 &  0.169855 &  0.400961 &  0.293159 &  0.086643 &  0.567719 &  0.227340 &  0.085077 &  0.555752 &  0.256278 &  0.086643 &  0.554186 &  0.257712 &  0.086856 &  0.556632 &  0.268154 &  0.093626 \\
mtviOneMin             &  0.067323 &  0.636061 & -0.357283 & -0.369440 & -0.246251 &  -0.378758 & -0.270019 & -0.271179 &    -0.107676 &  0.679836 &  0.899051 &  0.221653 &  0.308618 &  0.136373 &   0.171802 &  0.989311 &  0.388242 &  0.911204 &           0.527347 &                   NaN &                0.309563 &               0.309563 &    -0.548437 &      -0.957910 &     -0.254356 & -0.039936 & -0.032401 &  0.796919 &     -0.043642 &     0.072744 &     0.300315 &    0.319888 &  -0.862629 &   0.977461 &   0.616761 & -0.305602 &  0.267779 &      0.954221 &     0.563330 &     1.000000 &     0.954221 &    0.563330 &    1.000000 &  -0.243026 & -0.468746 &  0.316068 &  0.636061 &  0.162161 &  0.483242 &  0.921665 & -0.027167 &  0.468952 &  0.923839 &  0.028539 &  0.483242 &  0.923895 &  0.032056 &  0.485429 &  0.925267 &  0.041899 &  0.493996 \\
ngrdiMean              &  0.000213 & -0.282531 &  0.111721 &  0.018433 &  0.033188 &   0.012892 &  0.220934 &  0.016693 &     0.125603 & -0.232931 & -0.212968 & -0.009220 &  0.188902 &  0.155399 &   0.774069 & -0.267780 & -0.140299 & -0.326072 &          -0.276227 &                   NaN &               -0.074096 &              -0.074096 &     0.098263 &       0.276556 &      0.435069 &  0.063332 &  0.066847 & -0.163627 &     -0.015679 &    -0.137964 &     0.148327 &   -0.103538 &   0.306070 &  -0.240455 &  -0.889839 & -0.200540 & -0.355264 &     -0.211358 &     0.159157 &    -0.243026 &    -0.211358 &    0.159157 &   -0.243026 &   1.000000 &  0.555869 &  0.209821 & -0.282531 & -0.085661 & -0.283788 & -0.339209 &  0.043552 & -0.277161 & -0.344901 &  0.012784 & -0.283788 & -0.345544 &  0.010952 & -0.284588 & -0.345122 &  0.010923 & -0.286666 \\
ngrdiMax               &  0.312986 & -0.399088 &  0.457867 &  0.413841 &  0.340750 &   0.351246 &  0.541277 &  0.428635 &     0.513927 & -0.268617 & -0.485666 &  0.425802 & -0.171917 &  0.592598 &   0.398160 & -0.471927 &  0.155638 & -0.445573 &          -0.250257 &                   NaN &               -0.105475 &              -0.105475 &     0.421117 &       0.491301 &      0.663599 &  0.205870 &  0.555082 & -0.464611 &      0.149316 &     0.480192 &    -0.190829 &   -0.034925 &   0.624673 &  -0.464993 &  -0.673002 &  0.174257 & -0.853193 &     -0.427732 &     0.101003 &    -0.468746 &    -0.427732 &    0.101003 &   -0.468746 &   0.555869 &  1.000000 & -0.163202 & -0.399088 &  0.115048 & -0.753341 & -0.515620 &  0.230218 & -0.750531 & -0.527401 &  0.217510 & -0.753341 & -0.528656 &  0.216227 & -0.753193 & -0.527385 &  0.213255 & -0.754807 \\
